{
  "advancedEditorSelectedIdentifier" : "ProjectBrowser",
  "openSceneRelativePaths" : [
    "Immersive.usda",
    "ToyRobot.usda",
    "ToyCar.usda"
  ],
  "recentIdentifiers" : {
    "AF09ED6F-1707-48FD-8720-65B998362C09" : [

    ]
  },
  "sceneCameraHistory" : {
    "09FD3874-CB89-4C80-91CD-F12CEBED2584" : [
      {
        "date" : 749866919.807078,
        "title" : "Untitled",
        "transform" : [
          0.7474578,
          -2.8300167e-09,
          -0.6643093,
          0,
          -0.37274614,
          0.8277458,
          -0.41940102,
          0,
          0.5498792,
          0.5611032,
          0.61870503,
          0,
          0.35393298,
          0.4891029,
          0.54390025,
          1
        ]
      },
      {
        "date" : 749866916.555201,
        "title" : "Untitled",
        "transform" : [
          0.7474578,
          -2.8300167e-09,
          -0.6643093,
          0,
          -0.37274614,
          0.8277458,
          -0.41940102,
          0,
          0.5498792,
          0.5611032,
          0.61870503,
          0,
          0.44296715,
          0.45200884,
          0.4984111,
          1
        ]
      },
      {
        "date" : 749866913.688019,
        "title" : "Untitled",
        "transform" : [
          0.8274428,
          3.788143e-09,
          -0.56155,
          0,
          -0.14533056,
          0.9659302,
          -0.2141443,
          0,
          0.54241806,
          0.2588025,
          0.79925203,
          0,
          0.43695667,
          0.208484,
          0.6438546,
          1
        ]
      },
      {
        "date" : 749866905.369344,
        "title" : "Untitled",
        "transform" : [
          0.5591898,
          1.0019896e-09,
          -0.8290397,
          0,
          -0.381961,
          0.8875419,
          -0.25763386,
          0,
          0.7358074,
          0.46072707,
          0.4963044,
          0,
          1.0284373,
          0.6439578,
          0.6936841,
          1
        ]
      },
      {
        "date" : 749866885.804476,
        "title" : "Untitled",
        "transform" : [
          0.8547168,
          7.3214146e-09,
          -0.51909465,
          0,
          -0.39799282,
          0.64199877,
          -0.6553162,
          0,
          0.33325806,
          0.7667057,
          0.5487271,
          0,
          0.4657945,
          1.0716238,
          0.7669553,
          1
        ]
      },
      {
        "date" : 749866876.938384,
        "title" : "Untitled",
        "transform" : [
          -0.20157054,
          7.438791e-09,
          -0.979474,
          0,
          -0.15063149,
          0.98810387,
          0.030999163,
          0,
          0.9678219,
          0.15378816,
          -0.19917256,
          0,
          1.3527238,
          0.21494962,
          -0.27838337,
          1
        ]
      },
      {
        "date" : 749866871.82013,
        "title" : "Untitled",
        "transform" : [
          0.15667395,
          7.8407325e-09,
          -0.9876504,
          0,
          -0.067517176,
          0.99766064,
          -0.010710448,
          0,
          0.9853398,
          0.06836144,
          0.15630746,
          0,
          1.3772086,
          0.09554876,
          0.21847075,
          1
        ]
      },
      {
        "date" : 749866853.549072,
        "title" : "Untitled",
        "transform" : [
          0.99996465,
          2.5582096e-09,
          -0.008410974,
          0,
          -0.006040467,
          0.69587356,
          -0.71813905,
          0,
          0.005852955,
          0.7181644,
          0.6958489,
          0,
          0.008180681,
          1.0037777,
          0.9725873,
          1
        ]
      },
      {
        "date" : 749866851.329645,
        "title" : "Untitled",
        "transform" : [
          0.9865022,
          2.4852564e-09,
          -0.16374832,
          0,
          -0.04860546,
          0.9549303,
          -0.29282367,
          0,
          0.15636823,
          0.2968302,
          0.94204086,
          0,
          0.21855572,
          0.4148794,
          1.3166895,
          1
        ]
      },
      {
        "date" : 749866848.724063,
        "title" : "Untitled",
        "transform" : [
          1,
          0,
          0,
          0,
          0,
          0.7071069,
          -0.70710677,
          0,
          0,
          0.70710677,
          0.7071069,
          0,
          0,
          0.98832244,
          0.9883225,
          1
        ]
      }
    ],
    "AF09ED6F-1707-48FD-8720-65B998362C09" : [
      {
        "date" : 749866804.178484,
        "title" : "Untitled",
        "transform" : [
          0.952876,
          4.4069637e-11,
          -0.3033602,
          0,
          -0.16145791,
          0.8465988,
          -0.50715077,
          0,
          0.2568244,
          0.5322317,
          0.8067036,
          0,
          0.18047763,
          0.37401402,
          0.56689316,
          1
        ]
      },
      {
        "date" : 749866800.232585,
        "title" : "Untitled",
        "transform" : [
          0.9100894,
          -9.931712e-09,
          -0.414412,
          0,
          -0.18307863,
          0.8971238,
          -0.4020587,
          0,
          0.3717789,
          0.44177932,
          0.81646293,
          0,
          0.2612594,
          0.3104506,
          0.5737512,
          1
        ]
      },
      {
        "date" : 749865814.785724,
        "title" : "Untitled",
        "transform" : [
          1,
          0,
          0,
          0,
          0,
          0.7071069,
          -0.70710677,
          0,
          0,
          0.70710677,
          0.7071069,
          0,
          0,
          0.4969036,
          0.49690372,
          1
        ]
      }
    ],
    "C82754AE-A19B-422F-A231-6C874B723E99" : [
      {
        "date" : 749866106.33495,
        "title" : "Untitled",
        "transform" : [
          0.9612431,
          -4.8223416e-09,
          -0.27570215,
          0,
          -0.047646035,
          0.98495394,
          -0.1661192,
          0,
          0.2715539,
          0.17281707,
          0.9467802,
          0,
          0.19630104,
          0.33889735,
          0.611878,
          1
        ]
      },
      {
        "date" : 749866103.407333,
        "title" : "Untitled",
        "transform" : [
          0.9612431,
          -4.8223416e-09,
          -0.27570215,
          0,
          -0.047646035,
          0.98495394,
          -0.1661192,
          0,
          0.2715539,
          0.17281707,
          0.9467802,
          0,
          0.22968535,
          0.2736347,
          0.62360334,
          1
        ]
      },
      {
        "date" : 749866098.6446,
        "title" : "Untitled",
        "transform" : [
          0.9612431,
          -4.8223416e-09,
          -0.27570215,
          0,
          -0.047646035,
          0.98495394,
          -0.1661192,
          0,
          0.2715539,
          0.17281707,
          0.9467802,
          0,
          0.21657145,
          0.13782583,
          0.75508225,
          1
        ]
      },
      {
        "date" : 749866090.016992,
        "title" : "Untitled",
        "transform" : [
          0.95740813,
          6.4579453e-10,
          -0.2887381,
          0,
          -0.24968639,
          0.502202,
          -0.82791907,
          0,
          0.14500484,
          0.8647504,
          0.48081222,
          0,
          0.1156453,
          0.6896611,
          0.38346076,
          1
        ]
      },
      {
        "date" : 749866067.654897,
        "title" : "Untitled",
        "transform" : [
          0.99657375,
          2.270486e-10,
          -0.08270896,
          0,
          -0.024963036,
          0.9533656,
          -0.3007837,
          0,
          0.078851886,
          0.3018178,
          0.95009923,
          0,
          0.108684644,
          0.41600662,
          1.3095591,
          1
        ]
      },
      {
        "date" : 749866028.414912,
        "title" : "Untitled",
        "transform" : [
          0.99657375,
          2.270486e-10,
          -0.08270896,
          0,
          -0.024963036,
          0.9533656,
          -0.3007837,
          0,
          0.078851886,
          0.3018178,
          0.95009923,
          0,
          0.1940488,
          0.7427508,
          2.338126,
          1
        ]
      },
      {
        "date" : 749866019.629506,
        "title" : "Untitled",
        "transform" : [
          0.99657375,
          2.270486e-10,
          -0.08270896,
          0,
          -0.024963036,
          0.9533656,
          -0.3007837,
          0,
          0.078851886,
          0.3018178,
          0.95009923,
          0,
          0.17056166,
          0.6528503,
          2.0551252,
          1
        ]
      },
      {
        "date" : 749866017.03055,
        "title" : "Untitled",
        "transform" : [
          0.9989226,
          2.2587194e-09,
          -0.04640767,
          0,
          -0.007486069,
          0.9869037,
          -0.16113718,
          0,
          0.0457999,
          0.16131097,
          0.9858404,
          0,
          0.099068105,
          0.34892508,
          2.1324356,
          1
        ]
      },
      {
        "date" : 749866014.00246,
        "title" : "Untitled",
        "transform" : [
          1,
          0,
          0,
          0,
          0,
          0.7071069,
          -0.70710677,
          0,
          0,
          0.70710677,
          0.7071069,
          0,
          0,
          1.5295162,
          1.5295178,
          1
        ]
      },
      {
        "date" : 749866003.163784,
        "title" : "Untitled",
        "transform" : [
          1,
          0,
          0,
          0,
          0,
          0.7071069,
          -0.70710677,
          0,
          0,
          0.70710677,
          0.7071069,
          0,
          0,
          0.89129996,
          0.89130086,
          1
        ]
      }
    ]
  },
  "sceneViewportBackgroundColors" : {

  },
  "selectedSceneRelativePath" : "ToyCar.usda"
}